#EventId XCoord YCoord NumberOfSubscriptions Regions
0 -193.0 -92.0 0 
1 -121.0 -111.0 0 
2 -111.0 -53.0 0 
3 -183.0 -179.0 0 
4 68.0 -54.0 0 
5 161.0 -171.0 0 
6 67.0 -129.0 0 
7 36.0 -88.0 0 
8 174.0 -169.0 0 
9 133.0 -174.0 0 
10 50.0 -89.0 0 
11 21.0 -141.0 0 
12 173.0 -29.0 0 
13 57.0 -193.0 0 
14 60.0 -128.0 0 
15 135.0 -16.0 0 
16 18.0 -149.0 0 
17 160.0 -110.0 0 
18 149.0 -144.0 0 
19 98.0 -12.0 0 
20 12.0 -62.0 0 
21 142.0 -156.0 0 
22 98.0 -87.0 0 
23 57.0 -87.0 0 
24 195.0 -32.0 0 
25 162.0 -108.0 0 
26 36.0 -165.0 0 
27 33.0 -22.0 0 
28 41.0 -152.0 0 
29 131.0 -157.0 0 
30 175.0 -82.0 0 
31 69.0 -60.0 0 
32 97.0 -196.0 0 
33 100.0 -144.0 0 
34 103.0 -26.0 0 
35 28.0 -133.0 0 
36 1.0 -114.0 0 
37 78.0 -93.0 0 
38 128.0 -91.0 0 
39 58.0 -140.0 0 
40 41.0 -31.0 0 
41 146.0 -43.0 0 
42 27.0 -138.0 0 
43 167.0 -86.0 0 
44 189.0 -132.0 0 
45 127.0 -185.0 0 
46 182.0 -99.0 0 
47 22.0 -55.0 0 
48 47.0 -196.0 0 
49 158.0 -34.0 0 
50 153.0 -19.0 0 
51 144.0 -106.0 0 
52 184.0 -72.0 0 
53 137.0 -130.0 0 
54 191.0 -130.0 0 
55 60.0 -175.0 0 
56 144.0 -156.0 0 
57 84.0 -90.0 0 
58 12.0 -166.0 0 
59 141.0 -183.0 0 
60 151.0 -46.0 0 
61 90.0 -13.0 0 
62 63.0 -112.0 0 
63 154.0 -120.0 0 
64 80.0 -152.0 0 
65 195.0 -169.0 0 
66 81.0 -89.0 0 
67 151.0 -11.0 0 
68 194.0 -136.0 0 
69 169.0 -50.0 0 
70 80.0 -72.0 0 
71 60.0 -18.0 0 
72 155.0 -52.0 0 
73 35.0 -41.0 0 
74 79.0 -42.0 0 
75 56.0 -113.0 0 
76 78.0 -169.0 0 
77 12.0 -75.0 0 
78 192.0 -166.0 0 
79 5.0 -54.0 0 
80 57.0 -29.0 0 
81 7.0 -18.0 0 
82 100.0 -119.0 0 
83 157.0 -8.0 0 
84 16.0 -52.0 0 
85 47.0 -78.0 0 
86 16.0 -25.0 0 
87 70.0 -49.0 0 
88 21.0 -123.0 0 
89 75.0 -63.0 0 
90 88.0 -41.0 0 
91 48.0 -172.0 0 
92 14.0 -160.0 0 
93 195.0 -77.0 0 
94 15.0 -153.0 0 
95 181.0 -161.0 0 
96 191.0 -26.0 0 
97 97.0 -3.0 0 
98 151.0 -121.0 0 
99 150.0 -46.0 0 
100 87.0 -75.0 0 
101 51.0 -38.0 0 
102 162.0 -33.0 0 
103 8.0 -191.0 0 
104 104.0 -169.0 0 
105 86.0 -136.0 0 
106 4.0 -104.0 0 
107 190.0 -30.0 0 
108 29.0 -194.0 0 
109 52.0 -136.0 0 
110 199.0 -83.0 0 
111 53.0 -22.0 0 
112 185.0 -200.0 0 
113 93.0 -117.0 0 
114 63.0 0.0 0 
115 128.0 -129.0 0 
116 57.0 -73.0 0 
117 102.0 -59.0 0 
118 182.0 -130.0 0 
119 46.0 -67.0 0 
120 150.0 -190.0 0 
121 13.0 -55.0 0 
122 68.0 -183.0 0 
123 47.0 -176.0 0 
124 4.0 -47.0 0 
125 185.0 -56.0 0 
126 11.0 -117.0 0 
127 138.0 -29.0 0 
128 31.0 -28.0 0 
129 27.0 -89.0 0 
130 148.0 -77.0 0 
131 79.0 -124.0 0 
132 196.0 -190.0 0 
133 50.0 -28.0 0 
134 58.0 -146.0 0 
135 198.0 -99.0 0 
136 108.0 -129.0 0 
137 158.0 -166.0 0 
138 26.0 -128.0 0 
139 89.0 -100.0 0 
140 64.0 -134.0 0 
141 78.0 -161.0 0 
142 168.0 -143.0 0 
143 108.0 -48.0 0 
144 57.0 -143.0 0 
145 59.0 -106.0 0 
146 56.0 -145.0 0 
147 12.0 -130.0 0 
148 51.0 -52.0 0 
149 11.0 0.0 0 
150 160.0 -58.0 0 
151 163.0 -158.0 0 
152 8.0 -173.0 0 
153 130.0 -64.0 0 
154 7.0 -131.0 0 
155 137.0 -32.0 0 
156 57.0 -85.0 0 
157 73.0 -75.0 0 
158 115.0 -101.0 0 
159 63.0 -52.0 0 
160 20.0 -197.0 0 
161 48.0 -82.0 0 
162 77.0 -90.0 0 
163 37.0 -182.0 0 
164 160.0 -132.0 0 
165 153.0 -155.0 0 
166 150.0 -95.0 0 
167 18.0 -160.0 0 
168 71.0 -194.0 0 
169 42.0 -35.0 0 
170 49.0 -114.0 0 
171 68.0 -32.0 0 
172 94.0 -88.0 0 
173 173.0 -57.0 0 
174 176.0 -69.0 0 
175 43.0 -90.0 0 
176 53.0 -80.0 0 
177 176.0 -74.0 0 
178 89.0 -54.0 0 
179 92.0 -119.0 0 
180 0.0 -51.0 0 
181 128.0 -96.0 0 
182 154.0 -184.0 0 
183 162.0 -21.0 0 
184 88.0 -147.0 0 
185 165.0 -51.0 0 
186 74.0 -68.0 0 
187 177.0 -21.0 0 
188 127.0 -168.0 0 
189 103.0 -74.0 0 
190 133.0 -80.0 0 
191 1.0 -18.0 0 
192 57.0 -101.0 0 
193 21.0 -52.0 0 
194 166.0 -153.0 0 
195 127.0 -196.0 0 
196 4.0 -46.0 0 
197 165.0 -115.0 0 
198 175.0 -163.0 0 
199 103.0 -155.0 0 
200 36.0 -20.0 0 
201 18.0 -110.0 0 
202 117.0 -149.0 0 
203 176.0 -176.0 0 
204 182.0 -20.0 0 
205 26.0 -41.0 0 
206 72.0 -112.0 0 
207 17.0 -169.0 0 
208 153.0 -103.0 0 
209 85.0 -18.0 0 
210 22.0 -139.0 0 
211 129.0 -42.0 0 
212 16.0 -172.0 0 
213 199.0 -194.0 0 
214 153.0 -127.0 0 
215 109.0 -121.0 0 
216 150.0 -131.0 0 
217 126.0 -134.0 0 
218 1.0 -112.0 0 
219 49.0 -59.0 0 
220 43.0 -200.0 0 
221 101.0 -197.0 0 
222 70.0 -2.0 0 
223 164.0 -181.0 0 
224 171.0 -135.0 0 
225 163.0 -73.0 0 
226 123.0 -19.0 0 
227 6.0 -179.0 0 
228 196.0 -61.0 0 
229 63.0 -160.0 0 
230 84.0 -132.0 0 
231 91.0 -26.0 0 
232 44.0 -167.0 0 
233 9.0 -7.0 0 
234 66.0 -106.0 0 
235 162.0 -113.0 0 
236 191.0 -50.0 0 
237 93.0 -33.0 0 
238 132.0 -140.0 0 
239 29.0 -167.0 0 
240 199.0 -76.0 0 
241 166.0 -37.0 0 
242 25.0 -19.0 0 
243 119.0 -77.0 0 
244 181.0 -41.0 0 
245 123.0 -195.0 0 
246 183.0 -50.0 0 
247 153.0 -76.0 0 
248 80.0 -190.0 0 
249 40.0 -177.0 0 
250 144.0 -10.0 0 
251 10.0 -93.0 0 
252 171.0 -190.0 0 
253 36.0 -185.0 0 
254 184.0 -82.0 0 
255 79.0 -47.0 0 
256 180.0 -4.0 0 
257 200.0 -17.0 0 
258 192.0 -98.0 0 
259 52.0 -173.0 0 
260 93.0 -182.0 0 
261 160.0 -87.0 0 
262 96.0 -172.0 0 
263 179.0 -69.0 0 
264 189.0 -178.0 0 
265 138.0 -192.0 0 
266 185.0 -131.0 0 
267 30.0 -56.0 0 
268 45.0 -147.0 0 
269 145.0 -48.0 0 
270 111.0 -137.0 0 
271 78.0 -16.0 0 
272 152.0 -124.0 0 
273 83.0 -126.0 0 
274 32.0 -14.0 0 
275 53.0 -28.0 0 
276 198.0 -115.0 0 
277 111.0 -42.0 0 
278 168.0 -157.0 0 
279 78.0 -55.0 0 
280 143.0 -124.0 0 
281 116.0 -194.0 0 
282 135.0 -34.0 0 
283 48.0 -98.0 0 
284 60.0 -143.0 0 
285 175.0 -175.0 0 
286 45.0 -92.0 0 
287 155.0 -175.0 0 
288 150.0 -29.0 0 
289 126.0 -149.0 0 
290 10.0 -143.0 0 
291 108.0 -44.0 0 
292 9.0 -185.0 0 
293 51.0 -36.0 0 
294 154.0 -137.0 0 
295 77.0 -127.0 0 
296 74.0 -81.0 0 
297 84.0 -168.0 0 
298 65.0 -143.0 0 
299 192.0 -38.0 0 
300 188.0 -26.0 0 
301 32.0 -192.0 0 
302 106.0 -92.0 0 
303 118.0 -96.0 0 
304 145.0 -131.0 0 
305 150.0 -167.0 0 
306 197.0 -37.0 0 
307 72.0 -122.0 0 
308 53.0 -166.0 0 
309 35.0 -121.0 0 
310 185.0 -175.0 0 
311 63.0 -175.0 0 
312 44.0 -162.0 0 
313 95.0 -131.0 0 
314 144.0 -71.0 0 
315 38.0 -62.0 0 
316 105.0 -158.0 0 
317 38.0 -90.0 0 
318 190.0 -62.0 0 
319 28.0 -162.0 0 
320 45.0 -27.0 0 
321 162.0 -119.0 0 
322 65.0 -148.0 0 
323 48.0 -75.0 0 
324 67.0 -112.0 0 
325 179.0 -82.0 0 
326 182.0 -58.0 0 
327 173.0 -184.0 0 
328 68.0 -82.0 0 
329 41.0 -76.0 0 
330 65.0 -122.0 0 
331 26.0 -106.0 0 
332 31.0 -43.0 0 
333 36.0 -52.0 0 
334 7.0 -94.0 0 
335 11.0 -25.0 0 
336 140.0 -27.0 0 
337 79.0 -126.0 0 
338 151.0 -86.0 0 
339 19.0 -194.0 0 
340 68.0 -178.0 0 
341 194.0 -44.0 0 
342 119.0 -60.0 0 
343 36.0 -85.0 0 
344 181.0 -59.0 0 
345 8.0 -68.0 0 
346 129.0 -121.0 0 
347 103.0 -192.0 0 
348 4.0 -119.0 0 
349 158.0 -34.0 0 
350 176.0 -168.0 0 
351 128.0 -44.0 0 
352 192.0 -19.0 0 
353 104.0 -157.0 0 
354 147.0 -41.0 0 
355 128.0 -157.0 0 
356 53.0 -165.0 0 
357 180.0 -28.0 0 
358 141.0 -37.0 0 
359 74.0 -157.0 0 
360 162.0 -57.0 0 
361 69.0 -84.0 0 
362 162.0 -9.0 0 
363 34.0 -117.0 0 
364 19.0 -84.0 0 
365 28.0 -97.0 0 
366 157.0 -29.0 0 
367 90.0 -53.0 0 
368 187.0 -92.0 0 
369 144.0 -47.0 0 
370 58.0 -143.0 0 
371 2.0 -92.0 0 
372 160.0 -41.0 0 
373 56.0 -55.0 0 
374 122.0 -86.0 0 
375 33.0 -171.0 0 
376 102.0 -186.0 0 
377 137.0 -10.0 0 
378 98.0 -187.0 0 
379 161.0 -93.0 0 
380 9.0 -188.0 0 
381 31.0 -86.0 0 
382 43.0 -24.0 0 
383 27.0 -88.0 0 
384 127.0 -112.0 0 
385 88.0 -67.0 0 
386 6.0 -180.0 0 
387 144.0 -189.0 0 
388 74.0 -196.0 0 
389 50.0 -2.0 0 
390 85.0 -142.0 0 
391 181.0 -94.0 0 
392 25.0 -44.0 0 
393 56.0 -184.0 0 
394 5.0 -196.0 0 
395 198.0 -131.0 0 
396 80.0 -60.0 0 
397 21.0 -63.0 0 
398 3.0 -69.0 0 
399 107.0 -61.0 0 
400 76.0 -38.0 0 
401 130.0 -43.0 0 
402 75.0 -63.0 0 
403 146.0 -62.0 0 
404 90.0 -47.0 0 
405 31.0 -13.0 0 
406 65.0 -137.0 0 
407 150.0 -141.0 0 
408 160.0 -23.0 0 
409 162.0 -83.0 0 
410 161.0 -170.0 0 
411 92.0 -178.0 0 
412 189.0 -100.0 0 
413 80.0 -89.0 0 
414 166.0 -185.0 0 
415 0.0 -184.0 0 
416 57.0 0.0 0 
417 140.0 -21.0 0 
418 15.0 -43.0 0 
419 186.0 -65.0 0 
420 16.0 -4.0 0 
421 98.0 -47.0 0 
422 20.0 -97.0 0 
423 27.0 -167.0 0 
424 60.0 -144.0 0 
425 69.0 -178.0 0 
426 180.0 -16.0 0 
427 130.0 -5.0 0 
428 82.0 -5.0 0 
429 132.0 -153.0 0 
430 161.0 -169.0 0 
431 198.0 -146.0 0 
432 198.0 -113.0 0 
433 93.0 -91.0 0 
434 200.0 -72.0 0 
435 147.0 -148.0 0 
436 131.0 -178.0 0 
437 14.0 -193.0 0 
438 0.0 -1.0 0 
439 101.0 -24.0 0 
440 173.0 -61.0 0 
441 128.0 -120.0 0 
442 188.0 -165.0 0 
443 88.0 -47.0 0 
444 77.0 -59.0 0 
445 3.0 -52.0 0 
446 108.0 -29.0 0 
447 179.0 -37.0 0 
448 120.0 -55.0 0 
449 136.0 -150.0 0 
450 17.0 -124.0 0 
451 200.0 -73.0 0 
452 197.0 -32.0 0 
453 98.0 -116.0 0 
454 157.0 -180.0 0 
455 47.0 -59.0 0 
456 62.0 -5.0 0 
457 115.0 -84.0 0 
458 55.0 -47.0 0 
459 38.0 -186.0 0 
460 93.0 -165.0 0 
461 134.0 -26.0 0 
462 60.0 -159.0 0 
463 28.0 -23.0 0 
464 195.0 -187.0 0 
465 117.0 -26.0 0 
466 134.0 -56.0 0 
467 -166.0 21.0 0 
468 -87.0 197.0 0 
469 -49.0 126.0 0 
470 -190.0 131.0 0 
471 -23.0 37.0 0 
472 -124.0 117.0 0 
473 -9.0 136.0 0 
474 -135.0 50.0 0 
475 -193.0 110.0 0 
476 -63.0 173.0 0 
477 -63.0 62.0 0 
478 -114.0 138.0 0 
479 -93.0 31.0 0 
480 -169.0 178.0 0 
481 -44.0 58.0 0 
482 187.0 173.0 0 
483 137.0 114.0 0 
484 25.0 148.0 0 
485 50.0 134.0 0 
486 165.0 86.0 0 
487 127.0 32.0 0 
488 71.0 77.0 0 
489 92.0 81.0 0 
490 47.0 4.0 0 
491 76.0 96.0 0 
492 33.0 109.0 0 
493 12.0 200.0 0 
494 12.0 162.0 0 
495 164.0 186.0 0 
496 23.0 150.0 0 
497 68.0 64.0 0 
498 138.0 141.0 0 
499 123.0 31.0 0 
500 85.0 25.0 0 
501 184.0 59.0 0 
502 69.0 178.0 0 
503 200.0 197.0 0 
504 179.0 131.0 0 
505 183.0 40.0 0 
506 151.0 114.0 0 
507 138.0 122.0 0 
508 12.0 179.0 0 
509 6.0 140.0 0 
510 16.0 198.0 0 
511 104.0 99.0 0 
512 148.0 90.0 0 
513 40.0 170.0 0 
514 82.0 42.0 0 
515 114.0 43.0 0 
516 56.0 135.0 0 
517 134.0 148.0 0 
518 35.0 36.0 0 
519 161.0 8.0 0 
520 30.0 67.0 0 
521 152.0 101.0 0 
522 72.0 4.0 0 
523 101.0 32.0 0 
524 136.0 60.0 0 
525 125.0 169.0 0 
526 59.0 130.0 0 
527 10.0 156.0 0 
528 5.0 93.0 0 
529 153.0 48.0 0 
530 87.0 26.0 0 
531 171.0 93.0 0 
532 173.0 82.0 0 
533 18.0 132.0 0 
534 99.0 72.0 0 
535 78.0 103.0 0 
536 24.0 116.0 0 
537 162.0 59.0 0 
538 132.0 195.0 0 
539 146.0 43.0 0 
540 186.0 194.0 0 
541 89.0 127.0 0 
542 179.0 121.0 0 
543 9.0 42.0 0 
544 122.0 112.0 0 
545 151.0 4.0 0 
546 107.0 181.0 0 
547 170.0 90.0 0 
548 46.0 5.0 0 
549 69.0 78.0 0 
550 136.0 176.0 0 
551 11.0 73.0 0 
552 45.0 97.0 0 
553 48.0 171.0 0 
554 1.0 98.0 0 
555 30.0 42.0 0 
556 196.0 41.0 0 
557 153.0 78.0 0 
558 28.0 126.0 0 
559 185.0 169.0 0 
560 88.0 135.0 0 
561 71.0 154.0 0 
562 126.0 165.0 0 
563 135.0 46.0 0 
564 28.0 74.0 0 
565 74.0 78.0 0 
566 23.0 64.0 0 
567 163.0 116.0 0 
568 40.0 28.0 0 
569 171.0 167.0 0 
570 80.0 92.0 0 
571 39.0 161.0 0 
572 34.0 11.0 0 
573 161.0 29.0 0 
574 68.0 73.0 0 
575 150.0 146.0 0 
576 158.0 18.0 0 
577 117.0 51.0 0 
578 164.0 95.0 0 
579 18.0 62.0 0 
580 11.0 22.0 0 
581 63.0 194.0 0 
582 59.0 80.0 0 
583 60.0 138.0 0 
584 33.0 173.0 0 
585 104.0 99.0 0 
586 121.0 17.0 0 
587 198.0 181.0 0 
588 35.0 14.0 0 
589 61.0 97.0 0 
590 198.0 79.0 0 
591 60.0 113.0 0 
592 95.0 164.0 0 
593 177.0 177.0 0 
594 127.0 81.0 0 
595 128.0 168.0 0 
596 93.0 146.0 0 
597 42.0 51.0 0 
598 24.0 32.0 0 
599 6.0 103.0 0 
600 0.0 149.0 0 
601 194.0 57.0 0 
602 108.0 147.0 0 
603 118.0 200.0 0 
604 85.0 89.0 0 
605 63.0 126.0 0 
606 53.0 125.0 0 
607 88.0 108.0 0 
608 66.0 42.0 0 
609 2.0 65.0 0 
610 109.0 6.0 0 
611 8.0 6.0 0 
612 81.0 139.0 0 
613 179.0 83.0 0 
614 92.0 103.0 0 
615 168.0 30.0 0 
616 187.0 78.0 0 
617 154.0 118.0 0 
618 185.0 187.0 0 
619 109.0 143.0 0 
620 153.0 59.0 0 
621 52.0 163.0 0 
622 142.0 175.0 0 
623 130.0 96.0 0 
624 188.0 177.0 0 
625 31.0 86.0 0 
626 145.0 170.0 0 
627 173.0 177.0 0 
628 52.0 186.0 0 
629 40.0 27.0 0 
630 200.0 185.0 0 
631 118.0 51.0 0 
632 78.0 193.0 0 
633 113.0 152.0 0 
634 26.0 143.0 0 
635 132.0 126.0 0 
636 73.0 56.0 0 
637 50.0 169.0 0 
638 32.0 153.0 0 
639 183.0 45.0 0 
640 122.0 170.0 0 
641 57.0 79.0 0 
642 10.0 161.0 0 
643 78.0 15.0 0 
644 159.0 104.0 0 
645 80.0 64.0 0 
646 58.0 86.0 0 
647 29.0 100.0 0 
648 23.0 84.0 0 
649 113.0 85.0 0 
650 72.0 27.0 0 
651 0.0 70.0 0 
652 183.0 80.0 0 
653 125.0 194.0 0 
654 196.0 160.0 0 
655 158.0 49.0 0 
656 121.0 181.0 0 
657 159.0 30.0 0 
658 75.0 1.0 0 
659 161.0 40.0 0 
660 88.0 132.0 0 
661 171.0 15.0 0 
662 18.0 170.0 0 
663 116.0 73.0 0 
664 102.0 11.0 0 
665 61.0 0.0 0 
666 198.0 17.0 0 
667 39.0 160.0 0 
668 197.0 18.0 0 
669 153.0 193.0 0 
670 90.0 150.0 0 
671 146.0 104.0 0 
672 123.0 56.0 0 
673 70.0 8.0 0 
674 3.0 128.0 0 
675 112.0 34.0 0 
676 172.0 173.0 0 
677 195.0 186.0 0 
678 185.0 60.0 0 
679 129.0 22.0 0 
680 47.0 51.0 0 
681 126.0 96.0 0 
682 44.0 67.0 0 
683 191.0 160.0 0 
684 150.0 111.0 0 
685 27.0 94.0 0 
686 105.0 49.0 0 
687 139.0 132.0 0 
688 97.0 104.0 0 
689 5.0 144.0 0 
690 108.0 27.0 0 
691 8.0 183.0 0 
692 140.0 82.0 0 
693 76.0 58.0 0 
694 179.0 181.0 0 
695 91.0 11.0 0 
696 13.0 103.0 0 
697 185.0 91.0 0 
698 196.0 165.0 0 
699 163.0 176.0 0 
700 174.0 65.0 0 
701 127.0 120.0 0 
702 150.0 130.0 0 
703 194.0 58.0 0 
704 39.0 127.0 0 
705 132.0 60.0 0 
706 148.0 117.0 0 
707 95.0 64.0 0 
708 133.0 10.0 0 
709 69.0 37.0 0 
710 154.0 156.0 0 
711 98.0 8.0 0 
712 1.0 141.0 0 
713 125.0 84.0 0 
714 1.0 44.0 0 
715 40.0 68.0 0 
716 130.0 22.0 0 
717 16.0 157.0 0 
718 89.0 32.0 0 
719 53.0 137.0 0 
720 21.0 97.0 0 
721 93.0 154.0 0 
722 186.0 86.0 0 
723 11.0 86.0 0 
724 157.0 194.0 0 
725 94.0 43.0 0 
726 61.0 58.0 0 
727 156.0 45.0 0 
728 124.0 118.0 0 
729 191.0 56.0 0 
730 59.0 143.0 0 
731 140.0 112.0 0 
732 96.0 175.0 0 
733 15.0 169.0 0 
734 35.0 34.0 0 
735 8.0 124.0 0 
736 78.0 86.0 0 
737 187.0 131.0 0 
738 84.0 74.0 0 
739 72.0 174.0 0 
740 194.0 196.0 0 
741 123.0 156.0 0 
742 161.0 106.0 0 
743 73.0 8.0 0 
744 129.0 119.0 0 
745 186.0 30.0 0 
746 137.0 14.0 0 
747 110.0 115.0 0 
748 98.0 28.0 0 
749 9.0 74.0 0 
750 89.0 179.0 0 
751 23.0 103.0 0 
752 162.0 42.0 0 
753 180.0 185.0 0 
754 60.0 111.0 0 
755 0.0 104.0 0 
756 159.0 196.0 0 
757 16.0 106.0 0 
758 188.0 5.0 0 
759 5.0 97.0 0 
760 169.0 163.0 0 
761 114.0 77.0 0 
762 151.0 183.0 0 
763 88.0 175.0 0 
764 91.0 122.0 0 
765 105.0 57.0 0 
766 126.0 38.0 0 
767 93.0 161.0 0 
768 133.0 21.0 0 
769 190.0 24.0 0 
770 87.0 195.0 0 
771 103.0 99.0 0 
772 105.0 132.0 0 
773 7.0 27.0 0 
774 167.0 155.0 0 
775 46.0 119.0 0 
776 22.0 58.0 0 
777 85.0 169.0 0 
778 194.0 56.0 0 
779 110.0 95.0 0 
780 194.0 191.0 0 
781 147.0 142.0 0 
782 33.0 146.0 0 
783 70.0 114.0 0 
784 4.0 60.0 0 
785 6.0 165.0 0 
786 146.0 34.0 0 
787 103.0 60.0 0 
788 87.0 91.0 0 
789 41.0 39.0 0 
790 75.0 85.0 0 
791 72.0 41.0 0 
792 165.0 107.0 0 
793 62.0 90.0 0 
794 10.0 88.0 0 
795 156.0 46.0 0 
796 171.0 184.0 0 
797 77.0 9.0 0 
798 8.0 57.0 0 
799 125.0 80.0 0 
800 42.0 110.0 0 
801 65.0 49.0 0 
802 126.0 26.0 0 
803 17.0 56.0 0 
804 65.0 150.0 0 
805 160.0 99.0 0 
806 159.0 162.0 0 
807 28.0 191.0 0 
808 86.0 53.0 0 
809 57.0 193.0 0 
810 123.0 180.0 0 
811 63.0 80.0 0 
812 169.0 127.0 0 
813 145.0 66.0 0 
814 86.0 83.0 0 
815 68.0 107.0 0 
816 107.0 13.0 0 
817 67.0 36.0 0 
818 179.0 95.0 0 
819 91.0 60.0 0 
820 65.0 66.0 0 
821 136.0 94.0 0 
822 95.0 130.0 0 
823 80.0 104.0 0 
824 65.0 91.0 0 
825 183.0 199.0 0 
826 12.0 149.0 0 
827 77.0 90.0 0 
828 94.0 43.0 0 
829 169.0 165.0 0 
830 138.0 51.0 0 
831 115.0 48.0 0 
832 49.0 128.0 0 
833 59.0 28.0 0 
834 118.0 176.0 0 
835 173.0 142.0 0 
836 185.0 16.0 0 
837 162.0 184.0 0 
838 6.0 111.0 0 
839 200.0 30.0 0 
840 188.0 118.0 0 
841 148.0 60.0 0 
842 138.0 29.0 0 
843 58.0 27.0 0 
844 51.0 116.0 0 
845 48.0 170.0 0 
846 106.0 139.0 0 
847 104.0 83.0 0 
848 158.0 13.0 0 
849 152.0 156.0 0 
850 72.0 147.0 0 
851 146.0 97.0 0 
852 53.0 193.0 0 
853 185.0 194.0 0 
854 126.0 51.0 0 
855 7.0 77.0 0 
856 18.0 33.0 0 
857 9.0 68.0 0 
858 22.0 41.0 0 
859 134.0 159.0 0 
860 20.0 102.0 0 
861 126.0 180.0 0 
862 93.0 136.0 0 
863 164.0 98.0 0 
864 52.0 153.0 0 
865 98.0 106.0 0 
866 186.0 16.0 0 
867 9.0 143.0 0 
868 138.0 38.0 0 
869 93.0 61.0 0 
870 113.0 15.0 0 
871 69.0 13.0 0 
872 120.0 98.0 0 
873 171.0 3.0 0 
874 172.0 193.0 0 
875 6.0 185.0 0 
876 197.0 4.0 0 
877 196.0 196.0 0 
878 104.0 170.0 0 
879 30.0 108.0 0 
880 30.0 131.0 0 
881 112.0 104.0 0 
882 171.0 159.0 0 
883 7.0 52.0 0 
884 104.0 140.0 0 
885 152.0 131.0 0 
886 14.0 138.0 0 
887 33.0 118.0 0 
888 23.0 132.0 0 
889 26.0 146.0 0 
890 54.0 141.0 0 
891 106.0 198.0 0 
892 166.0 180.0 0 
893 165.0 38.0 0 
894 31.0 81.0 0 
895 15.0 132.0 0 
896 64.0 69.0 0 
897 145.0 150.0 0 
898 112.0 194.0 0 
899 8.0 143.0 0 
900 20.0 170.0 0 
901 89.0 93.0 0 
902 79.0 20.0 0 
903 29.0 83.0 0 
904 51.0 173.0 0 
905 65.0 130.0 0 
906 131.0 105.0 0 
907 197.0 97.0 0 
908 145.0 113.0 0 
909 167.0 118.0 0 
910 98.0 41.0 0 
911 22.0 120.0 0 
912 42.0 97.0 0 
913 10.0 92.0 0 
914 112.0 127.0 0 
915 135.0 111.0 0 
916 19.0 75.0 0 
917 34.0 183.0 0 
918 24.0 173.0 0 
919 104.0 160.0 0 
920 185.0 176.0 0 
921 18.0 53.0 0 
922 125.0 22.0 0 
923 31.0 52.0 0 
924 59.0 23.0 0 
925 120.0 55.0 0 
926 146.0 26.0 0 
927 16.0 126.0 0 
928 68.0 81.0 0 
929 155.0 164.0 0 
930 200.0 131.0 0 
931 45.0 125.0 0 
932 4.0 119.0 0 
933 100.0 21.0 0 
934 151.0 116.0 0 
935 115.0 163.0 0 
936 186.0 167.0 0 
937 54.0 32.0 0 
938 156.0 158.0 0 
939 54.0 12.0 0 
940 79.0 142.0 0 
941 142.0 147.0 0 
942 172.0 138.0 0 
943 138.0 137.0 0 
944 6.0 9.0 0 
945 83.0 165.0 0 
946 77.0 179.0 0 
947 61.0 159.0 0 
948 7.0 173.0 0 
949 20.0 110.0 0 
950 103.0 128.0 0 
951 79.0 117.0 0 
952 168.0 47.0 0 
953 32.0 6.0 0 
954 111.0 167.0 0 
955 160.0 75.0 0 
956 200.0 14.0 0 
957 7.0 85.0 0 
958 121.0 179.0 0 
959 71.0 142.0 0 
960 75.0 11.0 0 
961 31.0 90.0 0 
962 123.0 135.0 0 
963 149.0 183.0 0 
964 197.0 54.0 0 
965 40.0 178.0 0 
966 84.0 38.0 0 
967 157.0 160.0 0 
968 16.0 48.0 0 
969 197.0 196.0 0 
970 75.0 1.0 0 
971 95.0 90.0 0 
972 78.0 78.0 0 
973 62.0 130.0 0 
974 125.0 69.0 0 
975 66.0 62.0 0 
976 93.0 43.0 0 
977 92.0 11.0 0 
978 47.0 79.0 0 
979 149.0 197.0 0 
980 136.0 122.0 0 
981 44.0 170.0 0 
982 126.0 79.0 0 
983 98.0 90.0 0 
984 59.0 31.0 0 
985 129.0 8.0 0 
986 4.0 73.0 0 
987 113.0 131.0 0 
988 112.0 72.0 0 
989 180.0 125.0 0 
990 190.0 125.0 0 
991 198.0 126.0 0 
992 177.0 11.0 0 
993 185.0 13.0 0 
994 189.0 104.0 0 
995 55.0 123.0 0 
996 93.0 111.0 0 
997 151.0 93.0 0 
998 195.0 180.0 0 
999 136.0 170.0 0 
