#SubId Region BrokerId(Owner) NumberOfEventsMatched minX maxX minY maxY (Subs'coordinates)
0 Asia 0 0 -99.01823281907434 -98.45722300140253 8.484848484848493 8.51148851148852
1 Asia 1 0 33.540372670807436 34.368530020703915 8.484848484848493 8.51148851148852
2 US 1 0 -146.24505928853756 -145.71805006587616 8.484848484848493 8.51148851148852
3 Asia 0 0 40.165631469979274 40.99378881987575 8.484848484848493 8.51148851148852
4 Europe 2 0 -39.77191732002851 -39.48681397006415 -12.907092907092887 -12.827172827172808
5 US 1 0 -43.17722006525503 -43.175449236994375 8.484848484848493 8.51148851148852
6 US 1 0 -173.49896480331262 -172.67080745341613 8.484848484848493 8.51148851148852
7 Europe 2 0 -8.168642951251664 -7.641633728590268 -12.907092907092887 -12.827172827172808
8 US 1 0 167.70186335403724 170.1863354037267 8.484848484848493 8.51148851148852
9 Europe 2 0 132.703213610586 133.4593572778828 -12.747252747252727 -12.667332667332648
10 Asia 1 0 -97.89621318373072 -97.3352033660589 8.484848484848493 8.51148851148852
11 US 1 0 -175.1552795031056 -174.3271221532091 8.484848484848493 8.51148851148852
12 Asia 0 0 -7.11462450592887 -6.587615283267474 -85.2987012987013 -85.22943722943722
13 Asia 0 0 -99.01823281907434 -98.45722300140253 8.484848484848493 8.51148851148852
14 Europe 2 0 40.165631469979274 40.99378881987575 -12.907092907092887 -12.827172827172808
15 Europe 2 0 -74.78260869565219 -71.30434782608697 -12.907092907092887 -12.827172827172808
16 Asia 0 0 33.540372670807436 34.368530020703915 8.484848484848493 8.51148851148852
17 Asia 1 0 -106.87237026647966 -106.31136044880786 -63.30241187384044 -63.153988868274574
18 Asia 0 0 135.72778827977314 136.48393194706992 8.484848484848493 8.51148851148852
19 Asia 1 0 -181.78053830227742 -180.95238095238093 8.484848484848493 8.51148851148852
20 US 1 0 -42.05274411974341 -41.76764076977904 8.484848484848493 8.51148851148852
21 Asia 0 0 -6.060606060606077 -5.53359683794468 -64.48979591836734 -64.34137291280148
22 Asia 0 0 135.72778827977314 136.48393194706992 8.484848484848493 8.51148851148852
23 Asia 1 0 -100.14025245441796 -99.57924263674614 8.484848484848493 8.51148851148852
24 Asia 0 0 -7.11462450592887 -6.587615283267474 -85.2987012987013 -85.22943722943722
25 Europe 2 0 -106.87237026647966 -106.31136044880786 9.790209790209799 9.923409923409931
26 Europe 2 0 70.69943289224952 71.4555765595463 -12.907092907092887 -12.827172827172808
27 Europe 2 0 -6.060606060606077 -5.53359683794468 10.323010323010331 10.456210456210464
28 Europe 2 0 -74.78260869565219 -71.30434782608697 8.191808191808201 8.325008325008334
29 Asia 0 0 33.540372670807436 34.368530020703915 8.484848484848493 8.51148851148852
30 Europe 2 0 -39.77191732002851 -39.48681397006415 -12.907092907092887 -12.827172827172808
31 Asia 0 0 -97.89621318373072 -97.3352033660589 8.484848484848493 8.51148851148852
32 Asia 1 0 64.65028355387524 65.40642722117202 8.484848484848493 8.51148851148852
33 Asia 1 0 -105.75035063113604 -105.18934081346424 -85.2987012987013 -85.22943722943722
34 Europe 2 0 137.24007561436673 137.9962192816635 8.484848484848493 8.51148851148852
35 Europe 2 0 -6.060606060606077 -5.53359683794468 -12.907092907092887 -12.827172827172808
36 Asia 1 0 -171.84265010351965 -171.0144927536232 8.484848484848493 8.51148851148852
37 Asia 0 0 -170.1863354037267 -169.35817805383022 8.538128538128547 8.564768564768574
38 Asia 1 0 -175.1552795031056 -174.3271221532091 8.484848484848493 8.51148851148852
39 Asia 0 0 -173.49896480331262 -172.67080745341613 8.484848484848493 8.51148851148852
40 Europe 2 0 66.1625708884688 66.91871455576559 -12.907092907092887 -12.827172827172808
41 Europe 2 0 -36.35067712045616 -36.0655737704918 -12.267732267732248 -12.187812187812169
42 US 1 0 -30.078403421240196 -29.793300071275834 8.484848484848493 8.51148851148852
43 US 1 0 -112.48246844319776 -111.92145862552594 8.484848484848493 8.51148851148852
44 Asia 0 0 -180.12422360248448 -179.296066252588 8.484848484848493 8.51148851148852
45 Europe 2 0 66.1625708884688 66.91871455576559 10.669330669330678 10.695970695970704
46 Europe 2 0 131.2158540892 131.2241633602692 -12.907092907092887 -12.827172827172808
47 Asia 0 0 -67.82608695652175 -64.34782608695653 8.484848484848493 8.51148851148852
48 US 1 0 26.915113871635604 27.743271221532083 8.484848484848493 8.51148851148852
49 Europe 2 0 -112.48246844319776 -111.92145862552594 10.616050616050625 10.642690642690651
