50; 2; 2
Asia
353.2853148098224 34.58766438757658
-99.01823281907434, -98.45722300140253; 8.484848484848493, 8.51148851148852
Asia
335.23545861295963 101.91118257608996
33.540372670807436, 34.368530020703915; 8.484848484848493, 8.51148851148852
US
268.02385541548705 144.2413447819891
-146.24505928853756, -145.71805006587616; 8.484848484848493, 8.51148851148852
Asia
252.26042731557135 34.2841289871784
40.165631469979274, 40.99378881987575; 8.484848484848493, 8.51148851148852
Europe
158.62773708945244 239.61302453465217
-39.77191732002851, -39.48681397006415; -12.907092907092887, -12.827172827172808
US
253.2373032226803 151.73281761435518
-43.17722006525503, -43.175449236994375; 8.484848484848493, 8.51148851148852
US
230.78891686139104 206.53971655995142
-173.49896480331262, -172.67080745341613; 8.484848484848493, 8.51148851148852
Europe
261.0710492372366 276.6027174565141
-8.168642951251664, -7.641633728590268; -12.907092907092887, -12.827172827172808
US
269.5601378518602 146.54362842048084
167.70186335403724, 170.1863354037267; 8.484848484848493, 8.51148851148852
Europe
160.59966772990987 259.5803922498169
132.703213610586, 133.4593572778828; -12.747252747252727, -12.667332667332648
Asia
324.2763010865912 93.72714356445235
-97.89621318373072, -97.3352033660589; 8.484848484848493, 8.51148851148852
US
264.00515746195583 149.50799479386953
-175.1552795031056, -174.3271221532091; 8.484848484848493, 8.51148851148852
Asia
283.9196231928111 -32.054428026910905
-7.11462450592887, -6.587615283267474; -85.2987012987013, -85.22943722943722
Asia
450.0233398255149 -13.290858267795388
-99.01823281907434, -98.45722300140253; 8.484848484848493, 8.51148851148852
Europe
189.92162583457832 235.55767636660835
40.165631469979274, 40.99378881987575; -12.907092907092887, -12.827172827172808
Europe
190.39518786901792 258.0186561755922
-74.78260869565219, -71.30434782608697; -12.907092907092887, -12.827172827172808
Asia
426.75878455722494 57.66156232692816
33.540372670807436, 34.368530020703915; 8.484848484848493, 8.51148851148852
Asia
317.3900934799778 138.55261176905648
-106.87237026647966, -106.31136044880786; -63.30241187384044, -63.153988868274574
Asia
326.1350862793884 7.147214569365631
135.72778827977314, 136.48393194706992; 8.484848484848493, 8.51148851148852
Asia
318.9240653560179 137.70078622559055
-181.78053830227742, -180.95238095238093; 8.484848484848493, 8.51148851148852
US
269.0336803559614 146.585783130304
-42.05274411974341, -41.76764076977904; 8.484848484848493, 8.51148851148852
Asia
303.8792399781813 -20.16023310910873
-6.060606060606077, -5.53359683794468; -64.48979591836734, -64.34137291280148
Asia
403.2466814624226 53.30529006418668
135.72778827977314, 136.48393194706992; 8.484848484848493, 8.51148851148852
Asia
331.7824646009717 104.44467896965702
-100.14025245441796, -99.57924263674614; 8.484848484848493, 8.51148851148852
Asia
315.1088376020691 13.424172693073437
-7.11462450592887, -6.587615283267474; -85.2987012987013, -85.22943722943722
Europe
185.7476505262508 254.4060274280897
-106.87237026647966, -106.31136044880786; 9.790209790209799, 9.923409923409931
Europe
207.29737382248254 229.75683574131722
70.69943289224952, 71.4555765595463; -12.907092907092887, -12.827172827172808
Europe
219.65541036165473 222.77843833441977
-6.060606060606077, -5.53359683794468; 10.323010323010331, 10.456210456210464
Europe
159.37825184891062 292.2036310016402
-74.78260869565219, -71.30434782608697; 8.191808191808201, 8.325008325008334
Asia
326.39700242762984 5.859100156753826
33.540372670807436, 34.368530020703915; 8.484848484848493, 8.51148851148852
Europe
155.02301356871016 275.3724852385678
-39.77191732002851, -39.48681397006415; -12.907092907092887, -12.827172827172808
Asia
251.74268373599574 33.87925978206301
-97.89621318373072, -97.3352033660589; 8.484848484848493, 8.51148851148852
Asia
317.25025247496035 140.89036727553298
64.65028355387524, 65.40642722117202; 8.484848484848493, 8.51148851148852
Asia
331.3122959310413 104.1322124808688
-105.75035063113604, -105.18934081346424; -85.2987012987013, -85.22943722943722
Europe
221.58617438703453 266.7857670759901
137.24007561436673, 137.9962192816635; 8.484848484848493, 8.51148851148852
Europe
185.20198091593545 254.3498977860985
-6.060606060606077, -5.53359683794468; -12.907092907092887, -12.827172827172808
Asia
308.35202661918714 118.78417480810377
-171.84265010351965, -171.0144927536232; 8.484848484848493, 8.51148851148852
Asia
324.3467789403179 5.485861278978428
-170.1863354037267, -169.35817805383022; 8.538128538128547, 8.564768564768574
Asia
512.511198683714 191.1196579564843
-175.1552795031056, -174.3271221532091; 8.484848484848493, 8.51148851148852
Asia
426.37462036424677 57.46448064170618
-173.49896480331262, -172.67080745341613; 8.484848484848493, 8.51148851148852
Europe
193.32238445640343 304.0953864850639
66.1625708884688, 66.91871455576559; -12.907092907092887, -12.827172827172808
Europe
217.76981419651906 255.309227538218
-36.35067712045616, -36.0655737704918; -12.267732267732248, -12.187812187812169
US
269.42069353800474 146.4288771972042
-30.078403421240196, -29.793300071275834; 8.484848484848493, 8.51148851148852
US
258.1192362099522 156.05502948335192
-112.48246844319776, -111.92145862552594; 8.484848484848493, 8.51148851148852
Asia
337.36421483921845 -4.039735916181618
-180.12422360248448, -179.296066252588; 8.484848484848493, 8.51148851148852
Europe
185.69566180480544 267.3797317436232
66.1625708884688, 66.91871455576559; 10.669330669330678, 10.695970695970704
Europe
186.00099334816528 267.2306510015304
131.2158540892, 131.2241633602692; -12.907092907092887, -12.827172827172808
Asia
394.4617924776694 55.04870842323987
-67.82608695652175, -64.34782608695653; 8.484848484848493, 8.51148851148852
US
245.64306323619482 174.05928526990513
26.915113871635604, 27.743271221532083; 8.484848484848493, 8.51148851148852
Europe
236.24471271207443 309.4124759815001
-112.48246844319776, -111.92145862552594; 10.616050616050625, 10.642690642690651
