#EventId XCoord YCoord NumberOfSubscriptions Regions
0 4.0 -80.0 0 
1 25.0 -118.0 0 
2 28.0 -94.0 0 
3 27.0 -117.0 0 
4 18.0 -89.0 0 
5 37.0 -83.0 0 
6 34.0 -81.0 0 
7 8.0 -89.0 0 
8 27.0 -109.0 0 
9 26.0 -110.0 0 
10 40.0 -90.0 0 
11 33.0 -105.0 0 
12 31.0 -120.0 0 
13 12.0 -96.0 0 
14 19.0 -87.0 0 
15 21.0 -102.0 0 
16 20.0 -114.0 0 
17 11.0 -115.0 0 
18 25.0 -109.0 0 
19 22.0 -105.0 0 
20 13.0 -94.0 0 
21 9.0 -119.0 0 
22 26.0 -80.0 0 
23 27.0 -92.0 0 
24 4.0 -105.0 0 
25 0.0 -96.0 0 
26 18.0 -106.0 0 
27 15.0 -109.0 0 
28 34.0 -115.0 0 
29 4.0 -91.0 0 
30 10.0 -100.0 0 
31 22.0 -94.0 0 
32 24.0 -91.0 0 
33 28.0 -99.0 0 
34 0.0 -111.0 0 
35 3.0 -101.0 0 
36 21.0 -80.0 0 
37 32.0 -88.0 0 
38 19.0 -96.0 0 
39 1.0 -118.0 0 
40 17.0 -89.0 0 
41 0.0 -93.0 0 
42 32.0 -105.0 0 
43 38.0 -98.0 0 
44 4.0 -113.0 0 
45 37.0 -90.0 0 
46 2.0 -119.0 0 
47 15.0 -91.0 0 
48 40.0 -93.0 0 
49 7.0 -95.0 0 
50 3.0 -113.0 0 
51 40.0 -117.0 0 
52 11.0 -105.0 0 
53 25.0 -107.0 0 
54 0.0 -110.0 0 
55 27.0 -114.0 0 
56 32.0 -93.0 0 
57 16.0 -105.0 0 
58 38.0 -118.0 0 
59 17.0 -97.0 0 
60 14.0 -84.0 0 
61 14.0 -109.0 0 
62 32.0 -92.0 0 
63 5.0 -105.0 0 
64 7.0 -88.0 0 
65 26.0 -89.0 0 
66 25.0 -107.0 0 
67 9.0 -80.0 0 
68 29.0 -106.0 0 
69 4.0 -111.0 0 
70 9.0 -104.0 0 
71 11.0 -89.0 0 
72 0.0 -104.0 0 
73 39.0 -95.0 0 
74 3.0 -99.0 0 
75 27.0 -106.0 0 
76 12.0 -81.0 0 
77 28.0 -99.0 0 
78 31.0 -81.0 0 
79 35.0 -107.0 0 
80 29.0 -95.0 0 
81 11.0 -92.0 0 
82 5.0 -104.0 0 
83 5.0 -111.0 0 
84 36.0 -91.0 0 
85 16.0 -112.0 0 
86 16.0 -83.0 0 
87 32.0 -94.0 0 
88 11.0 -80.0 0 
89 28.0 -105.0 0 
90 17.0 -100.0 0 
91 0.0 -119.0 0 
92 15.0 -80.0 0 
93 32.0 -89.0 0 
94 9.0 -107.0 0 
95 34.0 -102.0 0 
96 29.0 -95.0 0 
97 10.0 -113.0 0 
98 11.0 -113.0 0 
99 21.0 -107.0 0 
100 40.0 -114.0 0 
101 37.0 -112.0 0 
102 10.0 -87.0 0 
103 12.0 -118.0 0 
104 13.0 -82.0 0 
105 10.0 -82.0 0 
106 7.0 -104.0 0 
107 2.0 -81.0 0 
108 19.0 -93.0 0 
109 18.0 -84.0 0 
110 8.0 -87.0 0 
111 13.0 -120.0 0 
112 24.0 -92.0 0 
113 35.0 -80.0 0 
114 15.0 -80.0 0 
115 6.0 -119.0 0 
116 40.0 -80.0 0 
117 16.0 -97.0 0 
118 15.0 -110.0 0 
119 15.0 -87.0 0 
120 30.0 -100.0 0 
121 22.0 -94.0 0 
122 33.0 -99.0 0 
123 38.0 -83.0 0 
124 10.0 -113.0 0 
125 33.0 -107.0 0 
126 22.0 -100.0 0 
127 12.0 -117.0 0 
128 0.0 -82.0 0 
129 28.0 -117.0 0 
130 16.0 -91.0 0 
131 19.0 -120.0 0 
132 13.0 -112.0 0 
133 36.0 -96.0 0 
134 39.0 -92.0 0 
135 22.0 -106.0 0 
136 24.0 -84.0 0 
137 34.0 -103.0 0 
138 23.0 -97.0 0 
139 16.0 -99.0 0 
140 20.0 -84.0 0 
141 6.0 -115.0 0 
142 12.0 -108.0 0 
143 33.0 -99.0 0 
144 6.0 -97.0 0 
145 14.0 -119.0 0 
146 2.0 -85.0 0 
147 22.0 -80.0 0 
148 0.0 -91.0 0 
149 4.0 -112.0 0 
150 31.0 -109.0 0 
151 4.0 -116.0 0 
152 9.0 -84.0 0 
153 29.0 -114.0 0 
154 8.0 -101.0 0 
155 26.0 -81.0 0 
156 31.0 -112.0 0 
157 33.0 -103.0 0 
158 8.0 -116.0 0 
159 7.0 -86.0 0 
160 4.0 -111.0 0 
161 4.0 -90.0 0 
162 7.0 -120.0 0 
163 12.0 -113.0 0 
164 35.0 -119.0 0 
165 2.0 -120.0 0 
166 9.0 -93.0 0 
167 5.0 -111.0 0 
168 19.0 -87.0 0 
169 27.0 -90.0 0 
170 0.0 -107.0 0 
171 39.0 -119.0 0 
172 12.0 -85.0 0 
173 19.0 -86.0 0 
174 20.0 -118.0 0 
175 31.0 -98.0 0 
176 27.0 -103.0 0 
177 2.0 -107.0 0 
178 14.0 -107.0 0 
179 39.0 -92.0 0 
180 5.0 -83.0 0 
181 1.0 -57.0 0 
182 39.0 -42.0 0 
183 31.0 -59.0 0 
184 34.0 -58.0 0 
185 28.0 -49.0 0 
186 2.0 -53.0 0 
187 36.0 -70.0 0 
188 9.0 -73.0 0 
189 28.0 -53.0 0 
190 4.0 -75.0 0 
191 33.0 -53.0 0 
192 13.0 -72.0 0 
193 12.0 -69.0 0 
194 30.0 -54.0 0 
195 29.0 -56.0 0 
196 7.0 -61.0 0 
197 19.0 -48.0 0 
198 18.0 -53.0 0 
199 25.0 -63.0 0 
200 10.0 -45.0 0 
201 8.0 -67.0 0 
202 30.0 -77.0 0 
203 21.0 -65.0 0 
204 37.0 -43.0 0 
205 20.0 -51.0 0 
206 33.0 -40.0 0 
207 25.0 -58.0 0 
208 14.0 -70.0 0 
209 28.0 -79.0 0 
210 14.0 -63.0 0 
211 31.0 -48.0 0 
212 22.0 -61.0 0 
213 23.0 -49.0 0 
214 39.0 -56.0 0 
215 31.0 -55.0 0 
216 34.0 -74.0 0 
217 13.0 -78.0 0 
218 18.0 -48.0 0 
219 8.0 -74.0 0 
220 27.0 -40.0 0 
221 24.0 -46.0 0 
222 37.0 -79.0 0 
223 38.0 -48.0 0 
224 20.0 -77.0 0 
225 16.0 -60.0 0 
226 11.0 -71.0 0 
227 18.0 -59.0 0 
228 11.0 -43.0 0 
229 31.0 -48.0 0 
230 31.0 -74.0 0 
231 22.0 -58.0 0 
232 0.0 -76.0 0 
233 6.0 -65.0 0 
234 27.0 -46.0 0 
235 6.0 -73.0 0 
236 27.0 -46.0 0 
237 16.0 -59.0 0 
238 1.0 -49.0 0 
239 23.0 -52.0 0 
240 18.0 -63.0 0 
241 7.0 -77.0 0 
242 16.0 -67.0 0 
243 31.0 -45.0 0 
244 17.0 -51.0 0 
245 24.0 -61.0 0 
246 23.0 -59.0 0 
247 38.0 -64.0 0 
248 34.0 -40.0 0 
249 23.0 -71.0 0 
250 5.0 -71.0 0 
251 32.0 -72.0 0 
252 2.0 -52.0 0 
253 25.0 -51.0 0 
254 5.0 -70.0 0 
255 13.0 -56.0 0 
256 2.0 -77.0 0 
257 19.0 -47.0 0 
258 10.0 -55.0 0 
259 40.0 -55.0 0 
260 34.0 -46.0 0 
261 36.0 -64.0 0 
262 9.0 -52.0 0 
263 4.0 -73.0 0 
264 29.0 -43.0 0 
265 4.0 -53.0 0 
266 17.0 -59.0 0 
267 33.0 -56.0 0 
268 15.0 -67.0 0 
269 40.0 -80.0 0 
270 36.0 -74.0 0 
271 4.0 -48.0 0 
272 17.0 -43.0 0 
273 7.0 -44.0 0 
274 5.0 -50.0 0 
275 30.0 -64.0 0 
276 8.0 -56.0 0 
277 3.0 -49.0 0 
278 25.0 -77.0 0 
279 4.0 -71.0 0 
280 1.0 -64.0 0 
281 3.0 -77.0 0 
282 28.0 -58.0 0 
283 0.0 -79.0 0 
284 12.0 -41.0 0 
285 12.0 -41.0 0 
286 9.0 -58.0 0 
287 15.0 -60.0 0 
288 13.0 -44.0 0 
289 10.0 -71.0 0 
290 20.0 -60.0 0 
291 6.0 -44.0 0 
292 15.0 -75.0 0 
293 32.0 -63.0 0 
294 38.0 -73.0 0 
295 38.0 -52.0 0 
296 19.0 -64.0 0 
297 6.0 -63.0 0 
298 26.0 -63.0 0 
299 39.0 -63.0 0 
300 17.0 -65.0 0 
301 22.0 -48.0 0 
302 8.0 -61.0 0 
303 30.0 -74.0 0 
304 4.0 -48.0 0 
305 35.0 -62.0 0 
306 26.0 -64.0 0 
307 11.0 -57.0 0 
308 32.0 -69.0 0 
309 32.0 -76.0 0 
310 1.0 -63.0 0 
311 31.0 -53.0 0 
312 9.0 -73.0 0 
313 36.0 -46.0 0 
314 32.0 -46.0 0 
315 6.0 -71.0 0 
316 22.0 -64.0 0 
317 18.0 -75.0 0 
318 37.0 -64.0 0 
319 35.0 -41.0 0 
320 20.0 -45.0 0 
321 28.0 -75.0 0 
322 19.0 -52.0 0 
323 35.0 -61.0 0 
324 16.0 -58.0 0 
325 40.0 -42.0 0 
326 6.0 -61.0 0 
327 22.0 -75.0 0 
328 25.0 -46.0 0 
329 27.0 -64.0 0 
330 0.0 -56.0 0 
331 12.0 -45.0 0 
332 39.0 -56.0 0 
333 11.0 -70.0 0 
334 0.0 -80.0 0 
335 26.0 -57.0 0 
336 37.0 -51.0 0 
337 18.0 -76.0 0 
338 29.0 -65.0 0 
339 11.0 -68.0 0 
340 23.0 -62.0 0 
341 37.0 -73.0 0 
342 40.0 -54.0 0 
343 29.0 -60.0 0 
344 120.0 -43.0 0 
345 39.0 -33.0 0 
346 10.0 -30.0 0 
347 40.0 -26.0 0 
348 10.0 -36.0 0 
349 28.0 -22.0 0 
350 5.0 -23.0 0 
351 22.0 -30.0 0 
352 36.0 -14.0 0 
353 29.0 -29.0 0 
354 11.0 -15.0 0 
355 28.0 -10.0 0 
356 19.0 -38.0 0 
357 11.0 -31.0 0 
358 24.0 -16.0 0 
359 8.0 -33.0 0 
360 35.0 -37.0 0 
361 31.0 -17.0 0 
362 20.0 -29.0 0 
363 16.0 -23.0 0 
364 2.0 -6.0 0 
365 5.0 -19.0 0 
366 32.0 -25.0 0 
367 12.0 -37.0 0 
368 36.0 -35.0 0 
369 39.0 -20.0 0 
370 35.0 -22.0 0 
371 26.0 -38.0 0 
372 25.0 -10.0 0 
373 32.0 -5.0 0 
374 4.0 -28.0 0 
375 31.0 -19.0 0 
376 1.0 -20.0 0 
377 3.0 -2.0 0 
378 7.0 -31.0 0 
379 21.0 -13.0 0 
380 16.0 -3.0 0 
381 7.0 -7.0 0 
382 14.0 -6.0 0 
383 32.0 -20.0 0 
384 5.0 -21.0 0 
385 36.0 -12.0 0 
386 37.0 -15.0 0 
387 25.0 0.0 0 
388 23.0 -27.0 0 
389 15.0 -11.0 0 
390 14.0 -30.0 0 
391 17.0 -40.0 0 
392 19.0 -3.0 0 
393 5.0 -31.0 0 
394 19.0 -28.0 0 
395 13.0 -2.0 0 
396 36.0 -26.0 0 
397 16.0 -31.0 0 
398 21.0 -3.0 0 
399 7.0 -38.0 0 
400 39.0 -5.0 0 
401 35.0 -21.0 0 
402 25.0 -11.0 0 
403 1.0 -9.0 0 
404 39.0 -32.0 0 
405 19.0 -37.0 0 
406 28.0 -5.0 0 
407 14.0 -18.0 0 
408 1.0 -21.0 0 
409 11.0 -31.0 0 
410 9.0 -39.0 0 
411 22.0 -32.0 0 
412 24.0 -4.0 0 
413 10.0 -13.0 0 
414 28.0 -9.0 0 
415 12.0 -20.0 0 
416 9.0 -17.0 0 
417 37.0 -17.0 0 
418 16.0 -20.0 0 
419 22.0 -20.0 0 
420 39.0 -38.0 0 
421 25.0 -5.0 0 
422 12.0 -32.0 0 
423 29.0 -30.0 0 
424 20.0 -21.0 0 
425 25.0 -11.0 0 
426 35.0 -23.0 0 
427 13.0 -26.0 0 
428 34.0 -27.0 0 
429 14.0 -16.0 0 
430 38.0 -35.0 0 
431 15.0 0.0 0 
432 2.0 -22.0 0 
433 25.0 -40.0 0 
434 22.0 -11.0 0 
435 15.0 -10.0 0 
436 24.0 -17.0 0 
437 16.0 -9.0 0 
438 27.0 -1.0 0 
439 6.0 -31.0 0 
440 1.0 -21.0 0 
441 23.0 -32.0 0 
442 27.0 -37.0 0 
443 16.0 -16.0 0 
444 13.0 -10.0 0 
445 0.0 -3.0 0 
446 0.0 -11.0 0 
447 31.0 -14.0 0 
448 32.0 -15.0 0 
449 20.0 -36.0 0 
450 40.0 -9.0 0 
451 4.0 -25.0 0 
452 26.0 -21.0 0 
453 20.0 0.0 0 
454 4.0 -13.0 0 
455 7.0 -7.0 0 
456 31.0 -12.0 0 
457 35.0 -20.0 0 
458 13.0 -6.0 0 
459 18.0 -11.0 0 
460 27.0 -28.0 0 
461 37.0 -34.0 0 
462 25.0 -34.0 0 
463 10.0 -25.0 0 
464 9.0 -19.0 0 
465 21.0 -37.0 0 
466 21.0 -38.0 0 
467 25.0 -14.0 0 
468 27.0 -7.0 0 
469 4.0 -11.0 0 
470 38.0 -40.0 0 
471 38.0 0.0 0 
472 22.0 -17.0 0 
473 27.0 -39.0 0 
474 24.0 -23.0 0 
475 23.0 -40.0 0 
476 38.0 -34.0 0 
477 3.0 -8.0 0 
478 5.0 -1.0 0 
479 16.0 -6.0 0 
480 5.0 -36.0 0 
481 36.0 -18.0 0 
482 7.0 -32.0 0 
483 10.0 -19.0 0 
484 12.0 -16.0 0 
485 20.0 -27.0 0 
486 17.0 -11.0 0 
487 9.0 -3.0 0 
488 7.0 -13.0 0 
489 0.0 -2.0 0 
490 15.0 -18.0 0 
491 10.0 -39.0 0 
492 28.0 -18.0 0 
493 11.0 -6.0 0 
494 8.0 -40.0 0 
495 6.0 -10.0 0 
496 36.0 -29.0 0 
497 6.0 -15.0 0 
498 33.0 -9.0 0 
499 14.0 -28.0 0 
500 29.0 -21.0 0 
501 35.0 -20.0 0 
502 18.0 -24.0 0 
503 37.0 0.0 0 
504 26.0 -10.0 0 
505 21.0 -9.0 0 
506 0.0 -36.0 0 
507 14.0 -40.0 0 
508 0.0 -28.0 0 
509 10.0 -7.0 0 
510 40.0 0.0 0 
511 31.0 -23.0 0 
512 21.0 -11.0 0 
513 20.0 -1.0 0 
514 1.0 -35.0 0 
515 36.0 -23.0 0 
516 21.0 -7.0 0 
517 22.0 -8.0 0 
518 1.0 -9.0 0 
519 8.0 -5.0 0 
520 32.0 -37.0 0 
521 13.0 -30.0 0 
522 25.0 -11.0 0 
523 19.0 -33.0 0 
524 39.0 -22.0 0 
525 27.0 -10.0 0 
526 18.0 -33.0 0 
527 40.0 -21.0 0 
528 36.0 -7.0 0 
529 9.0 -26.0 0 
530 11.0 -15.0 0 
531 20.0 -15.0 0 
532 29.0 -39.0 0 
533 12.0 -25.0 0 
534 15.0 -37.0 0 
535 26.0 -2.0 0 
536 6.0 -32.0 0 
537 5.0 -27.0 0 
538 2.0 -19.0 0 
539 21.0 -19.0 0 
540 12.0 -34.0 0 
541 1.0 -13.0 0 
542 32.0 -9.0 0 
543 14.0 -40.0 0 
544 8.0 -5.0 0 
545 27.0 -31.0 0 
546 11.0 -4.0 0 
547 23.0 -33.0 0 
548 1.0 -35.0 0 
549 36.0 0.0 0 
550 1.0 -6.0 0 
551 0.0 -40.0 0 
552 2.0 -15.0 0 
553 34.0 -22.0 0 
554 32.0 -34.0 0 
555 23.0 -7.0 0 
556 13.0 -3.0 0 
557 36.0 -36.0 0 
558 19.0 -4.0 0 
559 37.0 -11.0 0 
560 29.0 -16.0 0 
561 5.0 -9.0 0 
562 21.0 -15.0 0 
563 36.0 -17.0 0 
564 14.0 -22.0 0 
565 2.0 -30.0 0 
566 11.0 -7.0 0 
567 24.0 -36.0 0 
568 36.0 -1.0 0 
569 2.0 -31.0 0 
570 8.0 0.0 0 
571 39.0 -11.0 0 
572 2.0 -2.0 0 
573 17.0 -36.0 0 
574 4.0 -25.0 0 
575 6.0 -20.0 0 
576 28.0 -3.0 0 
577 10.0 -3.0 0 
578 15.0 -29.0 0 
579 5.0 -27.0 0 
580 28.0 -11.0 0 
581 22.0 -37.0 0 
582 38.0 -36.0 0 
583 33.0 -12.0 0 
584 34.0 -25.0 0 
585 3.0 -33.0 0 
586 1.0 -13.0 0 
587 21.0 -27.0 0 
588 27.0 -6.0 0 
589 1.0 -32.0 0 
590 37.0 -19.0 0 
591 2.0 -29.0 0 
592 27.0 -7.0 0 
593 23.0 0.0 0 
594 0.0 -24.0 0 
595 0.0 -40.0 0 
596 2.0 -24.0 0 
597 21.0 -20.0 0 
598 9.0 -10.0 0 
599 34.0 -37.0 0 
600 25.0 -39.0 0 
601 4.0 -10.0 0 
602 9.0 -3.0 0 
603 13.0 -5.0 0 
604 5.0 -18.0 0 
605 21.0 -3.0 0 
606 5.0 -32.0 0 
607 20.0 -4.0 0 
608 34.0 -11.0 0 
609 11.0 -33.0 0 
610 34.0 -4.0 0 
611 14.0 -9.0 0 
612 33.0 -33.0 0 
613 4.0 -14.0 0 
614 38.0 -32.0 0 
615 29.0 -37.0 0 
616 28.0 -33.0 0 
617 24.0 -13.0 0 
618 37.0 -21.0 0 
619 15.0 -14.0 0 
620 3.0 -22.0 0 
621 5.0 -30.0 0 
622 0.0 -35.0 0 
623 1.0 -17.0 0 
624 37.0 -5.0 0 
625 13.0 -13.0 0 
626 8.0 -14.0 0 
627 25.0 -14.0 0 
628 9.0 -7.0 0 
629 14.0 -2.0 0 
630 39.0 -16.0 0 
631 25.0 -6.0 0 
632 19.0 0.0 0 
633 2.0 -17.0 0 
634 23.0 -23.0 0 
635 31.0 -27.0 0 
636 3.0 -4.0 0 
637 8.0 -12.0 0 
638 30.0 -20.0 0 
639 23.0 -30.0 0 
640 40.0 -39.0 0 
641 26.0 -12.0 0 
642 9.0 -19.0 0 
643 25.0 -12.0 0 
644 8.0 -37.0 0 
645 11.0 -14.0 0 
646 38.0 -13.0 0 
647 13.0 -35.0 0 
648 0.0 -34.0 0 
649 32.0 -13.0 0 
650 29.0 -13.0 0 
651 39.0 -29.0 0 
652 38.0 -10.0 0 
653 32.0 -30.0 0 
654 35.0 -10.0 0 
655 29.0 -20.0 0 
656 31.0 -15.0 0 
657 33.0 -1.0 0 
658 36.0 -24.0 0 
659 16.0 -5.0 0 
660 16.0 -32.0 0 
661 11.0 -14.0 0 
662 5.0 -27.0 0 
663 3.0 -17.0 0 
664 34.0 -28.0 0 
665 10.0 -4.0 0 
666 17.0 -14.0 0 
667 18.0 -23.0 0 
668 17.0 -24.0 0 
669 29.0 -4.0 0 
670 30.0 -14.0 0 
671 43.0 -19.0 0 
672 46.0 -8.0 0 
673 -170.0 20.0 0 
674 -182.0 25.0 0 
675 -137.0 20.0 0 
676 -104.0 11.0 0 
677 -92.0 14.0 0 
678 -90.0 15.0 0 
679 -99.0 18.0 0 
680 -77.0 40.0 0 
681 -24.0 9.0 0 
682 -18.0 20.0 0 
683 -19.0 3.0 0 
684 4.0 36.0 0 
685 34.0 2.0 0 
686 19.0 30.0 0 
687 36.0 16.0 0 
688 33.0 0.0 0 
689 32.0 15.0 0 
690 3.0 24.0 0 
691 26.0 31.0 0 
692 14.0 5.0 0 
693 27.0 0.0 0 
694 11.0 14.0 0 
695 39.0 22.0 0 
696 31.0 29.0 0 
697 13.0 8.0 0 
698 33.0 6.0 0 
699 15.0 12.0 0 
700 27.0 13.0 0 
701 17.0 26.0 0 
702 37.0 29.0 0 
703 39.0 25.0 0 
704 10.0 28.0 0 
705 3.0 1.0 0 
706 31.0 28.0 0 
707 32.0 26.0 0 
708 30.0 14.0 0 
709 14.0 7.0 0 
710 12.0 34.0 0 
711 40.0 11.0 0 
712 15.0 16.0 0 
713 10.0 31.0 0 
714 18.0 39.0 0 
715 16.0 10.0 0 
716 4.0 24.0 0 
717 1.0 3.0 0 
718 0.0 17.0 0 
719 33.0 35.0 0 
720 0.0 10.0 0 
721 40.0 26.0 0 
722 15.0 16.0 0 
723 34.0 38.0 0 
724 14.0 23.0 0 
725 7.0 20.0 0 
726 9.0 38.0 0 
727 5.0 4.0 0 
728 36.0 32.0 0 
729 29.0 11.0 0 
730 34.0 14.0 0 
731 35.0 38.0 0 
732 23.0 9.0 0 
733 17.0 28.0 0 
734 13.0 32.0 0 
735 2.0 3.0 0 
736 4.0 16.0 0 
737 0.0 35.0 0 
738 3.0 27.0 0 
739 16.0 25.0 0 
740 25.0 0.0 0 
741 21.0 25.0 0 
742 30.0 33.0 0 
743 40.0 10.0 0 
744 24.0 22.0 0 
745 38.0 35.0 0 
746 25.0 40.0 0 
747 26.0 9.0 0 
748 8.0 23.0 0 
749 30.0 13.0 0 
750 36.0 9.0 0 
751 40.0 29.0 0 
752 35.0 18.0 0 
753 32.0 28.0 0 
754 0.0 24.0 0 
755 15.0 18.0 0 
756 6.0 12.0 0 
757 20.0 24.0 0 
758 1.0 33.0 0 
759 15.0 21.0 0 
760 31.0 6.0 0 
761 20.0 40.0 0 
762 34.0 37.0 0 
763 15.0 39.0 0 
764 12.0 12.0 0 
765 5.0 12.0 0 
766 11.0 12.0 0 
767 26.0 9.0 0 
768 30.0 7.0 0 
769 15.0 30.0 0 
770 2.0 13.0 0 
771 30.0 31.0 0 
772 22.0 20.0 0 
773 6.0 7.0 0 
774 25.0 20.0 0 
775 38.0 20.0 0 
776 37.0 17.0 0 
777 14.0 9.0 0 
778 22.0 2.0 0 
779 29.0 22.0 0 
780 28.0 39.0 0 
781 17.0 13.0 0 
782 38.0 12.0 0 
783 31.0 37.0 0 
784 26.0 31.0 0 
785 34.0 24.0 0 
786 2.0 4.0 0 
787 11.0 28.0 0 
788 13.0 15.0 0 
789 35.0 32.0 0 
790 9.0 12.0 0 
791 38.0 37.0 0 
792 38.0 40.0 0 
793 37.0 13.0 0 
794 19.0 5.0 0 
795 1.0 22.0 0 
796 20.0 37.0 0 
797 4.0 5.0 0 
798 28.0 24.0 0 
799 11.0 36.0 0 
800 16.0 3.0 0 
801 3.0 19.0 0 
802 8.0 29.0 0 
803 2.0 11.0 0 
804 15.0 40.0 0 
805 31.0 11.0 0 
806 0.0 1.0 0 
807 6.0 15.0 0 
808 1.0 9.0 0 
809 21.0 22.0 0 
810 5.0 18.0 0 
811 5.0 32.0 0 
812 38.0 24.0 0 
813 21.0 37.0 0 
814 25.0 30.0 0 
815 38.0 17.0 0 
816 19.0 2.0 0 
817 32.0 12.0 0 
818 23.0 7.0 0 
819 28.0 14.0 0 
820 13.0 18.0 0 
821 34.0 15.0 0 
822 40.0 39.0 0 
823 11.0 6.0 0 
824 5.0 16.0 0 
825 3.0 7.0 0 
826 38.0 15.0 0 
827 15.0 17.0 0 
828 21.0 33.0 0 
829 20.0 9.0 0 
830 3.0 9.0 0 
831 9.0 16.0 0 
832 36.0 21.0 0 
833 35.0 30.0 0 
834 5.0 22.0 0 
835 6.0 3.0 0 
836 18.0 0.0 0 
837 36.0 3.0 0 
838 29.0 38.0 0 
839 15.0 18.0 0 
840 18.0 35.0 0 
841 3.0 18.0 0 
842 35.0 29.0 0 
843 3.0 20.0 0 
844 21.0 23.0 0 
845 38.0 8.0 0 
846 3.0 5.0 0 
847 21.0 5.0 0 
848 20.0 5.0 0 
849 35.0 29.0 0 
850 31.0 3.0 0 
851 28.0 11.0 0 
852 26.0 11.0 0 
853 38.0 17.0 0 
854 11.0 34.0 0 
855 27.0 30.0 0 
856 15.0 35.0 0 
857 26.0 16.0 0 
858 4.0 22.0 0 
859 39.0 26.0 0 
860 22.0 31.0 0 
861 37.0 33.0 0 
862 33.0 16.0 0 
863 16.0 17.0 0 
864 21.0 25.0 0 
865 35.0 4.0 0 
866 27.0 25.0 0 
867 0.0 26.0 0 
868 29.0 35.0 0 
869 35.0 21.0 0 
870 15.0 16.0 0 
871 22.0 17.0 0 
872 22.0 10.0 0 
873 3.0 15.0 0 
874 2.0 5.0 0 
875 5.0 2.0 0 
876 20.0 23.0 0 
877 32.0 22.0 0 
878 17.0 37.0 0 
879 14.0 32.0 0 
880 4.0 9.0 0 
881 22.0 23.0 0 
882 2.0 9.0 0 
883 33.0 15.0 0 
884 39.0 1.0 0 
885 10.0 28.0 0 
886 39.0 40.0 0 
887 34.0 31.0 0 
888 8.0 26.0 0 
889 17.0 20.0 0 
890 27.0 13.0 0 
891 1.0 26.0 0 
892 30.0 31.0 0 
893 36.0 10.0 0 
894 8.0 14.0 0 
895 28.0 40.0 0 
896 18.0 21.0 0 
897 14.0 36.0 0 
898 40.0 6.0 0 
899 17.0 1.0 0 
900 36.0 39.0 0 
901 19.0 4.0 0 
902 27.0 35.0 0 
903 15.0 1.0 0 
904 31.0 32.0 0 
905 21.0 21.0 0 
906 35.0 39.0 0 
907 35.0 24.0 0 
908 21.0 13.0 0 
909 0.0 14.0 0 
910 31.0 31.0 0 
911 28.0 34.0 0 
912 38.0 13.0 0 
913 10.0 11.0 0 
914 18.0 33.0 0 
915 33.0 23.0 0 
916 14.0 31.0 0 
917 5.0 18.0 0 
918 0.0 29.0 0 
919 27.0 33.0 0 
920 30.0 4.0 0 
921 3.0 32.0 0 
922 13.0 29.0 0 
923 6.0 40.0 0 
924 20.0 21.0 0 
925 26.0 0.0 0 
926 30.0 33.0 0 
927 37.0 11.0 0 
928 29.0 39.0 0 
929 13.0 3.0 0 
930 33.0 12.0 0 
931 31.0 30.0 0 
932 29.0 12.0 0 
933 23.0 37.0 0 
934 16.0 10.0 0 
935 2.0 35.0 0 
936 31.0 28.0 0 
937 5.0 27.0 0 
938 21.0 1.0 0 
939 22.0 36.0 0 
940 37.0 38.0 0 
941 2.0 1.0 0 
942 19.0 0.0 0 
943 39.0 19.0 0 
944 10.0 30.0 0 
945 40.0 33.0 0 
946 17.0 0.0 0 
947 13.0 26.0 0 
948 17.0 32.0 0 
949 34.0 19.0 0 
950 28.0 8.0 0 
951 35.0 33.0 0 
952 38.0 9.0 0 
953 30.0 3.0 0 
954 38.0 18.0 0 
955 38.0 17.0 0 
956 18.0 37.0 0 
957 32.0 18.0 0 
958 6.0 14.0 0 
959 11.0 23.0 0 
960 18.0 24.0 0 
961 7.0 8.0 0 
962 20.0 20.0 0 
963 21.0 24.0 0 
964 37.0 36.0 0 
965 30.0 16.0 0 
966 31.0 20.0 0 
967 38.0 17.0 0 
968 21.0 20.0 0 
969 37.0 8.0 0 
970 21.0 1.0 0 
971 31.0 13.0 0 
972 37.0 12.0 0 
973 20.0 37.0 0 
974 8.0 3.0 0 
975 15.0 13.0 0 
976 35.0 11.0 0 
977 39.0 30.0 0 
978 11.0 24.0 0 
979 15.0 7.0 0 
980 18.0 3.0 0 
981 8.0 38.0 0 
982 24.0 30.0 0 
983 21.0 39.0 0 
984 28.0 37.0 0 
985 29.0 29.0 0 
986 24.0 11.0 0 
987 26.0 27.0 0 
988 28.0 12.0 0 
989 33.0 33.0 0 
990 28.0 33.0 0 
991 5.0 8.0 0 
992 1.0 15.0 0 
993 14.0 11.0 0 
994 13.0 35.0 0 
995 1.0 27.0 0 
996 103.0 3.0 0 
997 158.0 15.0 0 
998 136.0 35.0 0 
999 124.0 35.0 0 
